130110	230031
130110	232638
130110	235156
130111	001611
130111	003959
130111	010459
130111	013013
130111	015602
130111	022017
130111	024500
130111	030935
130111	033356
130111	035803
130111	042241
130111	054825
130111	061454
130111	063815
130111	070251
130111	072643
130111	075008
130111	081445
130111	084300
130111	090926
130111	093619
130111	100156
130111	102647
130111	105235
130111	111626
130111	114912
130111	121516
130111	124059
130111	130519
130111	132917
130111	135439
130111	141847
130111	144328
130111	150816
130111	153322
130111	155812
130111	162311
130111	164753
130111	171326
130111	173755
130111	181007
130111	183432
130111	190006
130111	192508
130111	195054
130111	201643
130111	204207
130111	210801
130111	213304
130111	215756
130111	222150
130111	224647
130111	231128
130111	233604
130112	001333
130112	004046
130112	010501
130112	012829
130112	015321
130112	021836
130112	024347
130112	030910
130112	033403
130112	035917
130112	042552
130112	045122
130112	051702
130112	054235
130112	062450
130112	064846
130112	071348
130112	073846
130112	080254
130112	082721
130112	085012
130112	091456
130112	093805
130112	100138
130112	102626
130112	105203
130112	111611
130112	114131
130112	120554
130112	134750
130112	141430
130112	143855
130112	150322
130112	152843
130112	155427
130112	161852
130112	164409
130112	171002
130112	173524
130112	180046
130112	182707
130112	185215
130112	191627
130112	195949
130112	202500
130112	204936
130112	211357
130112	213801
130112	220154
130112	222556
130112	225000
130112	231352
130112	233849
130113	000429
130113	003033
130113	005646
130113	012102
130113	061637
130113	063950
130113	070509
130113	073037
130113	075446
130113	081946
130113	084508
130113	091013
130113	093339
130113	095710
130113	102059
130113	104626
130113	111247
130113	113819
130113	120447
130113	123336
130113	130107
130113	132602
130113	135105
130113	141732
130113	144250
130113	150647
130113	153006
130113	155259
130113	161855
130113	164410
130113	170817
130113	173427
130113	175827
130115	142151
130115	144613
130115	151039
130115	153552
130115	160133
130115	162556
130115	165259
130115	171806
130115	174221
130115	180719
130115	183122
130115	185449
130115	192040
130115	194537
130115	201847
130115	204348
130115	210812
130115	213321
130115	215923
130115	222440
130115	225118
130115	231606
130115	234101
130116	000856
130116	003802
130116	010321
130116	012917
130116	015312
130116	021910
130116	024333
130116	031017
130116	033730
130116	040359
130116	042809
130116	045229
130116	051800
130116	054308
130116	060917
130116	063428
130116	070044
130116	072628
130116	075158
130116	081953
130116	084537
130116	091106
130116	093544
130116	100150
130116	102557
130116	105103
130116	111549
130116	114024
130116	120445
130116	122807
130116	125123
130116	131526
130116	134040
130116	140653
130116	205836
130116	212443
130116	215019
130116	221627
130116	224103
130116	230623
130116	233026
130116	235514
130117	002105
130117	004910
130117	011302
130117	013817
130117	020804
130117	023854
130117	030258
130117	032812
130117	035426
130117	041944
130117	044539
130117	051024
130117	053642
130117	060320
130117	063049
130117	065857
130117	072458
130117	075329
130117	081809
130117	164253
130117	170911
130117	173329
130117	175801
130117	182242
130117	184746
130117	191258
130117	193735
130117	200214
130117	202645
130117	205058
130117	211549
130117	214105
130117	220551
130117	223026
130117	230115
130117	232614
130117	235222
130118	001906
130118	004600
130118	011104
130118	013439
130118	015913
130118	022521
130118	025054
130118	031519
130118	034008
130118	040631
130118	043349
130118	102950
130118	105620
130118	112345
130118	115134
130118	121945
130118	124426
130118	130823
130118	133226
130118	135620
130118	141933
130118	144338
130118	150917
130118	153342
130118	155830
130118	163052
130118	165524
130118	172029
130118	174643
130118	181311
130118	183813
130118	190353
130118	193055
130118	195616
130118	201953
130118	204436
130118	210834
130118	213304
130118	215805
130119	111749
130119	114121
130119	120540
130119	123139
130119	125513
130119	131834
130119	134441
130119	141046
130119	143556
130119	150121
130119	152718
130119	155208
130119	161735
130119	164215
130119	170928
130119	173429
130119	175947
130119	182322
130119	184741
130119	191034
130119	193358
130119	195812
130119	202410
130119	204752
130119	211204
130119	213539
130119	220051
130119	222607
130119	225019
130119	232048
130119	234525
130120	001354
130120	004244
130120	010653
130120	013144
130120	015824
130120	022503
130120	024957
130120	031455
130120	033838
130120	040317
130120	042918
130120	045454
130120	174235
130120	180722
130120	183209
130120	185620
130120	192132
130120	194517
130120	200907
130120	203403
130120	205808
130120	212300
130120	214918
130120	221535
130120	223937
130120	230501
130120	234355
130121	000842
130121	003535
130121	005951
130121	012448
130121	015032
130121	021636
130121	024154
130121	030554
130121	033132
130121	035657
130121	042244
130121	044801
130121	051235
130121	053956
130121	060501
130121	062933
130121	065418
130121	071725
130121	074320
130121	080829
130121	083229
130121	085839
130121	092235
130121	094558
130121	101150
130121	103643
130121	110134
130121	112638
130121	122156
130121	124644
130121	131130
130121	133628
130121	140250
130121	142827
130121	145255
130121	151826
130121	154548
130121	161046
130121	163818
130121	170428
130121	172916
130121	175413
130121	182348
130121	184832
130121	191428
130121	193946
130121	200519
130121	202936
130121	205414
130121	211900
130121	214504
130121	221133
130121	223547
130121	230244
130121	232834
130121	235453
130122	003223
130122	010032
130122	012503
130122	014901
130122	021335
130122	023822
130122	030205
130122	032619
130122	035135
130122	041608
130122	044002
130122	050331
130122	052750
130122	055442
130122	094312
130124	194431
130124	200924
130124	203333
130124	210015
130124	212532
130124	215029
130124	221519
130124	224053
130124	230508
130124	232912
130124	235437
130125	002202
130125	004906
130125	011414
130131	090347
130131	092953
130131	095459
130131	102029
130131	104641
130131	111135
130131	113624
130131	120253
130131	123102
130131	125815
130131	132458
130131	135106
130131	141506
130131	144957
130131	151554
130131	154115
130131	160535
130131	163056
130131	165525
130131	171939
130131	174509
130131	181009
130131	183441
130131	190014
130131	192553
130131	195042
130131	201454
130131	203923
130131	210508
130131	212900
130131	215338
130131	221741
130131	224208
130131	230634
130131	233058
130131	235550
130201	002200
130201	005211
130201	011744
130201	014204
130201	020543
130201	022918
130201	025645
130201	032436
130201	035140
130201	041529
130201	044033
130201	050524
130201	052956
130201	055521
130201	061952
130201	064244
130201	070631
130201	073055
130201	075626
130201	082210
130201	090306
130201	092851
130201	095254
130201	101930
130201	104505
130201	111034
130201	113552
130201	115915
130201	122237
130201	124712
130201	131258
130201	133933
130201	140449
130201	143109
130201	145616
130201	174454
130201	180830
130201	183400
130201	190201
130201	192749
130201	195348
130201	201932
130201	204453
130201	211034
130201	213654
130201	220125
130201	222736
130201	225345
130201	231742
130202	002424
130202	004911
130202	011310
130202	013744
130202	020329
130202	022608
130202	024942
130202	031511
130202	033925
130202	040454
130202	043004
130202	045535
130202	052042
130202	054509
130202	064107
130202	070750
130202	073218
130202	075629
130202	082158
130202	084628
130202	091157
130202	093751
130202	100311
130202	102908
130202	105340
130202	111639
130202	114004
130202	120627
130202	150748
130202	153357
130202	155910
130202	162544
130202	165150
130202	171751
130202	174403
130202	180908
130202	183433
130202	185916
130202	192515
130202	195143
130202	201824
130202	204531
130202	211410
130202	213920
130202	220407
130202	223103
130202	225607
130202	232015
130202	234506
130203	001126
130203	003900
130203	010414
130203	013204
130203	015754
130203	022553
130203	025122
130204	121425
130204	123207
130204	125032
130204	130833
130204	132732
130204	134655
130204	140644
130204	142512
130204	144152
130204	150003
130204	151715
130204	153412
130204	155122
130204	160658
130204	162258
130204	163933
130204	165722
130204	171409
130204	173226
130204	174928
130205	004335
130205	010016
130205	011600
130205	013240
130205	015023
130205	020822
130205	022500
130205	024121
130205	025826
130205	031610
130205	033254
130205	035133
