0001	130110	230031
0002	130110	232638
0003	130110	235156
0004	130111	001611
0005	130111	003959
0006	130111	010459
0007	130111	013013
0008	130111	015602
0009	130111	022017
0010	130111	024500
0011	130111	030935
0012	130111	033356
0013	130111	035803
0014	130111	042241
0015	130111	054825
0016	130111	061454
0017	130111	063815
0018	130111	070251
0019	130111	072643
0020	130111	075008
0021	130111	081445
0022	130111	084300
0023	130111	090926
0024	130111	093619
0025	130111	100156
0026	130111	102647
0027	130111	105235
0028	130111	111626
0029	130111	114912
0030	130111	121516
0031	130111	124059
0032	130111	130519
0033	130111	132917
0034	130111	135439
0035	130111	141847
0036	130111	144328
0037	130111	150816
0038	130111	153322
0039	130111	155812
0040	130111	162311
0041	130111	164753
0042	130111	171326
0043	130111	173755
0044	130111	181007
0045	130111	183432
0046	130111	190006
0047	130111	192508
0048	130111	195054
0049	130111	201643
0050	130111	204207
0051	130111	210801
0052	130111	213304
0053	130111	215756
0054	130111	222150
0055	130111	224647
0056	130111	231128
0057	130111	233604
0058	130112	001333
0059	130112	004046
0060	130112	010501
0061	130112	012829
0062	130112	015321
0063	130112	021836
0064	130112	024347
0065	130112	030910
0066	130112	033403
0067	130112	035917
0068	130112	042552
0069	130112	045122
0070	130112	051702
0071	130112	054235
0072	130112	062450
0073	130112	064846
0074	130112	071348
0075	130112	073846
0076	130112	080254
0077	130112	082721
0078	130112	085012
0079	130112	091456
0080	130112	093805
0081	130112	100138
0082	130112	102626
0083	130112	105203
0084	130112	111611
0085	130112	114131
0086	130112	120554
0087	130112	134750
0088	130112	141430
0089	130112	143855
0090	130112	150322
0091	130112	152843
0092	130112	155427
0093	130112	161852
0094	130112	164409
0095	130112	171002
0096	130112	173524
0097	130112	180046
0098	130112	182707
0099	130112	185215
0100	130112	191627
0101	130112	195949
0102	130112	202500
0103	130112	204936
0104	130112	211357
0105	130112	213801
0106	130112	220154
0107	130112	222556
0108	130112	225000
0109	130112	231352
0110	130112	233849
0111	130113	000429
0112	130113	003033
0113	130113	005646
0114	130113	012102
0115	130113	061637
0116	130113	063950
0117	130113	070509
0118	130113	073037
0119	130113	075446
0120	130113	081946
0121	130113	084508
0122	130113	091013
0123	130113	093339
0124	130113	095710
0125	130113	102059
0126	130113	104626
0127	130113	111247
0128	130113	113819
0129	130113	120447
0130	130113	123336
0131	130113	130107
0132	130113	132602
0133	130113	135105
0134	130113	141732
0135	130113	144250
0136	130113	150647
0137	130113	153006
0138	130113	155259
0139	130113	161855
0140	130113	164410
0141	130113	170817
0142	130113	173427
0143	130113	175827
0144	130115	142151
0145	130115	144613
0146	130115	151039
0147	130115	153552
0148	130115	160133
0149	130115	162556
0150	130115	165259
0151	130115	171806
0152	130115	174221
0153	130115	180719
0154	130115	183122
0155	130115	185449
0156	130115	192040
0157	130115	194537
0158	130115	201847
0159	130115	204348
0160	130115	210812
0161	130115	213321
0162	130115	215923
0163	130115	222440
0164	130115	225118
0165	130115	231606
0166	130115	234101
0167	130116	000856
0168	130116	003802
0169	130116	010321
0170	130116	012917
0171	130116	015312
0172	130116	021910
0173	130116	024333
0174	130116	031017
0175	130116	033730
0176	130116	040359
0177	130116	042809
0178	130116	045229
0179	130116	051800
0180	130116	054308
0181	130116	060917
0182	130116	063428
0183	130116	070044
0184	130116	072628
0185	130116	075158
0186	130116	081953
0187	130116	084537
0188	130116	091106
0189	130116	093544
0190	130116	100150
0191	130116	102557
0192	130116	105103
0193	130116	111549
0194	130116	114024
0195	130116	120445
0196	130116	122807
0197	130116	125123
0198	130116	131526
0199	130116	134040
0200	130116	140653
0201	130116	205836
0202	130116	212443
0203	130116	215019
0204	130116	221627
0205	130116	224103
0206	130116	230623
0207	130116	233026
0208	130116	235514
0209	130117	002105
0210	130117	004910
0211	130117	011302
0212	130117	013817
0213	130117	020804
0214	130117	023854
0215	130117	030258
0216	130117	032812
0217	130117	035426
0218	130117	041944
0219	130117	044539
0220	130117	051024
0221	130117	053642
0222	130117	060320
0223	130117	063049
0224	130117	065857
0225	130117	072458
0226	130117	075329
0227	130117	081809
0228	130117	164253
0229	130117	170911
0230	130117	173329
0231	130117	175801
0232	130117	182242
0233	130117	184746
0234	130117	191258
0235	130117	193735
0236	130117	200214
0237	130117	202645
0238	130117	205058
0239	130117	211549
0240	130117	214105
0241	130117	220551
0242	130117	223026
0243	130117	230115
0244	130117	232614
0245	130117	235222
0246	130118	001906
0247	130118	004600
0248	130118	011104
0249	130118	013439
0250	130118	015913
0251	130118	022521
0252	130118	025054
0253	130118	031519
0254	130118	034008
0255	130118	040631
0256	130118	043349
0257	130118	102950
0258	130118	105620
0259	130118	112345
0260	130118	115134
0261	130118	121945
0262	130118	124426
0263	130118	130823
0264	130118	133226
0265	130118	135620
0266	130118	141933
0267	130118	144338
0268	130118	150917
0269	130118	153342
0270	130118	155830
0271	130118	163052
0272	130118	165524
0273	130118	172029
0274	130118	174643
0275	130118	181311
0276	130118	183813
0277	130118	190353
0278	130118	193055
0279	130118	195616
0280	130118	201953
0281	130118	204436
0282	130118	210834
0283	130118	213304
0284	130118	215805
0285	130119	111749
0286	130119	114121
0287	130119	120540
0288	130119	123139
0289	130119	125513
0290	130119	131834
0291	130119	134441
0292	130119	141046
0293	130119	143556
0294	130119	150121
0295	130119	152718
0296	130119	155208
0297	130119	161735
0298	130119	164215
0299	130119	170928
0300	130119	173429
0301	130119	175947
0302	130119	182322
0303	130119	184741
0304	130119	191034
0305	130119	193358
0306	130119	195812
0307	130119	202410
0308	130119	204752
0309	130119	211204
0310	130119	213539
0311	130119	220051
0312	130119	222607
0313	130119	225019
0314	130119	232048
0315	130119	234525
0316	130120	001354
0317	130120	004244
0318	130120	010653
0319	130120	013144
0320	130120	015824
0321	130120	022503
0322	130120	024957
0323	130120	031455
0324	130120	033838
0325	130120	040317
0326	130120	042918
0327	130120	045454
0328	130120	174235
0329	130120	180722
0330	130120	183209
0331	130120	185620
0332	130120	192132
0333	130120	194517
0334	130120	200907
0335	130120	203403
0336	130120	205808
0337	130120	212300
0338	130120	214918
0339	130120	221535
0340	130120	223937
0341	130120	230501
0342	130120	234355
0343	130121	000842
0344	130121	003535
0345	130121	005951
0346	130121	012448
0347	130121	015032
0348	130121	021636
0349	130121	024154
0350	130121	030554
0351	130121	033132
0352	130121	035657
0353	130121	042244
0354	130121	044801
0355	130121	051235
0356	130121	053956
0357	130121	060501
0358	130121	062933
0359	130121	065418
0360	130121	071725
0361	130121	074320
0362	130121	080829
0363	130121	083229
0364	130121	085839
0365	130121	092235
0366	130121	094558
0367	130121	101150
0368	130121	103643
0369	130121	110134
0370	130121	112638
0371	130121	122156
0372	130121	124644
0373	130121	131130
0374	130121	133628
0375	130121	140250
0376	130121	142827
0377	130121	145255
0378	130121	151826
0379	130121	154548
0380	130121	161046
0381	130121	163818
0382	130121	170428
0383	130121	172916
0384	130121	175413
0385	130121	182348
0386	130121	184832
0387	130121	191428
0388	130121	193946
0389	130121	200519
0390	130121	202936
0391	130121	205414
0392	130121	211900
0393	130121	214504
0394	130121	221133
0395	130121	223547
0396	130121	230244
0397	130121	232834
0398	130121	235453
0399	130122	003223
0400	130122	010032
0401	130122	012503
0402	130122	014901
0403	130122	021335
0404	130122	023822
0405	130122	030205
0406	130122	032619
0407	130122	035135
0408	130122	041608
0409	130122	044002
0410	130122	050331
0411	130122	052750
0412	130122	055442
0413	130122	094312
0414	130124	194431
0415	130124	200924
0416	130124	203333
0417	130124	210015
0418	130124	212532
0419	130124	215029
0420	130124	221519
0421	130124	224053
0422	130124	230508
0423	130124	232912
0424	130124	235437
0425	130125	002202
0426	130125	004906
0427	130125	011414
0428	130131	090347
0429	130131	092953
0430	130131	095459
0431	130131	102029
0432	130131	104641
0433	130131	111135
0434	130131	113624
0435	130131	120253
0436	130131	123102
0437	130131	125815
0438	130131	132458
0439	130131	135106
0440	130131	141506
0441	130131	144957
0442	130131	151554
0443	130131	154115
0444	130131	160535
0445	130131	163056
0446	130131	165525
0447	130131	171939
0448	130131	174509
0449	130131	181009
0450	130131	183441
0451	130131	190014
0452	130131	192553
0453	130131	195042
0454	130131	201454
0455	130131	203923
0456	130131	210508
0457	130131	212900
0458	130131	215338
0459	130131	221741
0460	130131	224208
0461	130131	230634
0462	130131	233058
0463	130131	235550
0464	130201	002200
0465	130201	005211
0466	130201	011744
0467	130201	014204
0468	130201	020543
0469	130201	022918
0470	130201	025645
0471	130201	032436
0472	130201	035140
0473	130201	041529
0474	130201	044033
0475	130201	050524
0476	130201	052956
0477	130201	055521
0478	130201	061952
0479	130201	064244
0480	130201	070631
0481	130201	073055
0482	130201	075626
0483	130201	082210
0484	130201	090306
0485	130201	092851
0486	130201	095254
0487	130201	101930
0488	130201	104505
0489	130201	111034
0490	130201	113552
0491	130201	115915
0492	130201	122237
0493	130201	124712
0494	130201	131258
0495	130201	133933
0496	130201	140449
0497	130201	143109
0498	130201	145616
0499	130201	174454
0500	130201	180830
0501	130201	183400
0502	130201	190201
0503	130201	192749
0504	130201	195348
0505	130201	201932
0506	130201	204453
0507	130201	211034
0508	130201	213654
0509	130201	220125
0510	130201	222736
0511	130201	225345
0512	130201	231742
0513	130202	002424
0514	130202	004911
0515	130202	011310
0516	130202	013744
0517	130202	020329
0518	130202	022608
0519	130202	024942
0520	130202	031511
0521	130202	033925
0522	130202	040454
0523	130202	043004
0524	130202	045535
0525	130202	052042
0526	130202	054509
0527	130202	064107
0528	130202	070750
0529	130202	073218
0530	130202	075629
0531	130202	082158
0532	130202	084628
0533	130202	091157
0534	130202	093751
0535	130202	100311
0536	130202	102908
0537	130202	105340
0538	130202	111639
0539	130202	114004
0540	130202	120627
0541	130202	150748
0542	130202	153357
0543	130202	155910
0544	130202	162544
0545	130202	165150
0546	130202	171751
0547	130202	174403
0548	130202	180908
0549	130202	183433
0550	130202	185916
0551	130202	192515
0552	130202	195143
0553	130202	201824
0554	130202	204531
0555	130202	211410
0556	130202	213920
0557	130202	220407
0558	130202	223103
0559	130202	225607
0560	130202	232015
0561	130202	234506
0562	130203	001126
0563	130203	003900
0564	130203	010414
0565	130203	013204
0566	130203	015754
0567	130203	022553
0568	130203	025122
0569	130204	121425
0570	130204	123207
0571	130204	125032
0572	130204	130833
0573	130204	132732
0574	130204	134655
0575	130204	140644
0576	130204	142512
0577	130204	144152
0578	130204	150003
0579	130204	151715
0580	130204	153412
0581	130204	155122
0582	130204	160658
0583	130204	162258
0584	130204	163933
0585	130204	165722
0586	130204	171409
0587	130204	173226
0588	130204	174928
0589	130205	004335
0590	130205	010016
0591	130205	011600
0592	130205	013240
0593	130205	015023
0594	130205	020822
0595	130205	022500
0596	130205	024121
0597	130205	025826
0598	130205	031610
0599	130205	033254
0600	130205	035133
